1 0 0 -1.5 0
1 0 0 -5 0
1 5 0 0 0
1 0 5 0 0
1 -5 0 0 0
1 0 -5 0 0
2 2 2 2 2
1 0 0 -1.5 0
1 0 0 -5 0
1 5 0 0 0
1 0 0 0 90
1 0 5 0 0
1 0 0 0 90
1 -5 0 0 0
1 0 0 0 90
1 0 -5 0 0
2 2 2 2 2
1 0 0 -1.5 0
1 0 0 -5 0
1 5 0 0 0
1 0 0 0 90
1 0 5 0 0
1 0 0 0 90
1 -5 0 0 0
1 0 0 0 90
1 0 -5 0 0
2 2 2 2 2
1 0 0 -1.5 0
1 0 0 -5 0
1 0 0 0 180
1 5 0 0 0
1 0 0 0 90
1 0 5 0 0
1 0 0 0 90
1 -5 0 0 0
1 0 0 0 90
1 0 -5 0 0
2 2 2 2 2
1 0 0 -1.5 0
1 0 0 -5 0
1 0 0 0 -90
1 0 0 0 180
1 5 0 0 0
1 0 5 0 0
1 -5 0 0 0
1 0 -5 0 0
2 2 2 2 2
1 0 0 -1.5 0
1 0 0 -5 0
1 0 0 0 90
1 5 0 0 0
1 0 0 0 90
1 0 5 0 0
1 0 0 0 90
1 -5 0 0 0
1 0 0 0 90
1 0 -5 0 0
2 2 2 2 2
1 0 0 -1.5 0
1 0 0 -5 0
1 0 0 0 90
1 5 0 0 0
1 0 0 0 90
1 0 5 0 0
1 0 0 0 90
1 -5 0 0 0
1 0 0 0 90
1 0 -5 0 0
1 0 0 -5 0
1 0 5 0 0
1 0 0 0 -90
1 5 0 0 0
1 0 0 0 -90
1 0 -5 0 0
1 0 0 0 -90
1 -5 0 0 0
2 2 2 2 2
1 0 0 -1.5 0
1 0 0 -5 0
1 0 0 0 90
1 5 0 0 0
1 0 0 0 90
1 0 5 0 0
1 0 0 0 90
1 -5 0 0 0
1 0 0 0 90
1 0 -5 0 0
1 0 0 0 -90
1 5 0 0 0
1 0 0 0 -90
1 0 -5 0 0
1 0 0 0 -90
1 -5 0 0 0
1 0 0 0 -90
1 0 5 0 0
2 2 2 2 2
1 0 0 -1.5 0
1 0 0 -5 0
1 0 0 0 -90
1 0 -5 0 0
1 0 0 0 -90
1 -5 0 0 0
1 0 0 0 -90
1 0 5 0 0
1 0 0 0 -90
1 5 0 0 0
1 5 0 0 0
1 0 0 0 90
1 0 5 0 0
1 0 0 0 90
1 -5 0 0 0
1 0 0 0 90
1 0 -5 0 0
2 2 2 2 2
1 0 0 -1.5 0
1 0 0 -5 0
1 0 0 0 -90
1 0 -5 0 0
1 0 0 0 -90
1 -5 0 0 0
1 0 0 0 -90
1 0 5 0 0
1 0 0 0 -90
1 5 0 0 0
1 0 0 0 90
1 5 0 0 0
1 0 0 0 90
1 0 5 0 0
1 0 0 0 90
1 -5 0 0 0
1 0 0 0 90
1 0 -5 0 0
2 2 2 2 2
1 0 0 -1.5 0
1 0 0 -5 0
1 5 0 0 0
1 0 -5 0 0
1 -5 0 0 0
1 0 5 0 0
1 5 0 0 0
1 0 5 0 0
1 -5 0 0 0
1 0 -5 0 0
2 2 2 2 2
1 0 0 -1.5 0
1 0 0 -5 0
1 5 0 0 0
1 0 5 0 0
1 -5 0 0 0
1 0 -5 0 0
1 -5 0 0 0
1 5 0 0 0
1 0 5 0 0
1 -5 0 0 0
1 0 -5 0 0
2 2 2 2 2
1 0 0 -1.5 0
1 0 0 -5 0
1 5 0 0 0
1 0 0 0 90
1 0 5 0 0
1 0 0 0 90
1 -5 0 0 0
1 0 0 0 90
1 0 -5 0 0
1 0 0 0 90
1 5 0 0 0
1 0 0 0 90
1 0 5 0 0
1 0 0 0 90
1 -5 0 0 0
1 0 0 0 90
1 0 -5 0 0
2 2 2 2 2
1 0 0 -1.5 0
1 0 0 -5 0
1 0 0 0 180
1 5 0 0 0
1 0 0 0 90
1 0 5 0 0
1 0 0 0 90
1 -5 0 0 0
1 0 0 0 90
1 0 -5 0 0
1 0 0 0 90
1 5 0 0 0
1 0 0 0 90
1 0 5 0 0
1 0 0 0 90
1 -5 0 0 0
1 0 0 0 90
1 0 -5 0 0
2 2 2 2 2
1 0 0 -1.5 0
1 0 0 -5 0
1 0 0 0 180
1 0 0 0 -90
1 5 0 0 0
1 0 5 0 0
1 -5 0 0 0
1 0 -5 0 0
2 2 2 2 2
1 0 0 -1.5 0
1 0 0 -5 0
1 5 0 0 0
1 0 5 0 0
1 -5 0 0 0
1 0 -5 0 0
1 5 0 0 0
1 0 0 0 90
1 5 0 0 0
1 0 0 0 90
1 0 5 0 0
1 0 0 0 90
1 -5 0 0 0
1 0 0 0 90
1 0 -5 0 0
2 2 2 2 2
1 0 0 -1.5 0
1 0 0 -5 0
1 0 0 0 -90
1 5 0 0 0
1 0 0 0 -90
1 0 -5 0 0
1 0 0 0 -90
1 -5 0 0 0
1 0 0 0 -90
1 0 5 0 0
2 2 2 2 2
1 0 0 -1.5 0
1 0 0 -5 0
1 0 0 0 90
1 5 0 0 0
1 0 0 0 90
1 0 5 0 0
1 0 0 0 90
1 -5 0 0 0
1 0 0 0 90
1 0 -5 0 0
1 0 0 5 0
1 0 0 0 -90
1 5 0 0 0
1 0 0 0 -90
1 0 -5 0 0
1 0 0 0 -90
1 -5 0 0 0
1 0 0 0 -90
1 0 5 0 0
2 2 2 2 2
1 0 0 -1.5 0
1 0 0 -5 0
1 0 0 0 -90
1 0 -5 0 0
1 0 0 0 90
1 5 0 0 0
1 0 0 0 90
1 0 5 0 0
1 0 0 0 90
1 -5 0 0 0
1 -5 0 0 0
1 0 0 0 -90
1 0 5 0 0
1 0 0 0 -90
1 5 0 0 0
1 0 0 0 -90
1 0 -5 0 0
2 2 2 2 2
1 0 0 -1.5 0
1 0 0 -5 0
1 0 0 0 -90
1 0 -5 0 0
1 0 0 0 90
1 5 0 0 0
1 0 0 0 90
1 0 5 0 0
1 0 0 0 90
1 -5 0 0 0
1 0 0 0 -90
1 -5 0 0 0
1 0 0 0 -90
1 0 5 0 0
1 0 0 0 -90
1 5 0 0 0
1 0 0 0 -90
1 0 -5 0 0
2 2 2 2 2