1 0 0 -5 0
1 0 0 4 0
2 2 2 2 2
1 0 0 5 0
1 0 0 -4 0
2 2 2 2 2
1 0 0 -5 0
1 0 0 -4 0
2 2 2 2 2
1 0 0 5 0
1 0 0 4 0
2 2 2 2 2
1 0 0 0 180
1 -4 0 0 0
2 2 2 2 2
1 0 0 0 180
1 4 0 0 0
2 2 2 2 2
1 0 0 0 180
1 0 -4 0 0
2 2 2 2 2
1 0 0 0 180
1 0 4 0 0
2 2 2 2 2
1 0 0 0 180
1 -4 0 0 0
2 2 2 2 2
1 0 0 0 180
1 4 0 0 0
2 2 2 2 2
1 0 0 0 180
1 0 -4 0 0
2 2 2 2 2
1 0 0 0 180
1 0 4 0 0
2 2 2 2 2
1 0 0 0 90 
1 0 4 0 0
2 2 2 2 2
1 0 0 0 90 
1 0 -4 0 0
2 2 2 2 2
1 0 0 0 90 
1 -4 0 0 0
2 2 2 2 2
1 0 0 0 90 
1 4 0 0 0
2 2 2 2 2
1 0 0 0 90 
1 0 4 0 0
2 2 2 2 2
1 0 0 0 90 
1 0 -4 0 0
2 2 2 2 2
1 0 0 0 90 
1 -4 0 0 0
2 2 2 2 2
1 0 0 0 90 
1 4 0 0 0
2 2 2 2 2
1 0 0 0 -90 
1 0 -4 0 0
2 2 2 2 2
1 0 0 0 -90 
1 0 4 0 0
2 2 2 2 2
1 0 0 0 -90 
1 4 0 0 0
2 2 2 2 2
1 0 0 0 -90 
1 -4 0 0 0
2 2 2 2 2
1 0 0 0 -90 
1 0 -4 0 0
2 2 2 2 2
1 0 0 0 -90 
1 0 4 0 0
2 2 2 2 2
1 0 0 0 -90 
1 4 0 0 0
2 2 2 2 2
1 0 0 0 -90 
1 -4 0 0 0
2 2 2 2 2
1 0 8.66 -5 0
2 2 2 2 2
1 0 -8.66 -5 0
2 2 2 2 2
1 0 8.66 5 0
2 2 2 2 2
1 0 -8.66 5 0
2 2 2 2 2
1 0 0 0 180
1 0 -8.66 -5 0
2 2 2 2 2
1 0 0 0 180
1 0 8.66 -5 0
2 2 2 2 2
1 0 0 0 180
1 0 -8.66 5 0
2 2 2 2 2
1 0 0 0 180
1 0 8.66 5 0
2 2 2 2 2
1 0 0 0 60
1 5 8.66 0 0
2 2 2 2 2
1 0 0 0 60
1 -5 -8.66 0 0
2 2 2 2 2
1 0 0 0 60
1 -8.66 5 0 0
2 2 2 2 2
1 0 0 0 60
1 8.66 -5 0 0
2 2 2 2 2
1 0 0 0 -60
1 5 -8.66 0 0
2 2 2 2 2
1 0 0 0 -60
1 -5 8.66 0 0
2 2 2 2 2
1 0 0 0 -60
1 8.66 5 0 0
2 2 2 2 2
1 0 0 0 -60
1 -8.66 -5 0 0
2 2 2 2 2